0.007641 -0.503695 0.408644 0.061713 -0.296143
-0.163576 -0.076420 -0.009854 0.335618 -0.456974
0.111209 0.429975 0.189888 -0.259278 0.069999
-0.092433 -0.313617 0.308422 -0.118452 0.324751
-0.279966 0.224916 -0.276692 0.310125 -0.297533
0.413358 -0.148035 -0.087425 -0.438716 -0.125249
0.347435 -0.265000 -0.412564 0.146639 0.269194
-0.412960 -0.016223 -0.286197 -0.029664 0.367571
0.580914 -0.221020 -0.519485 0.188897 -0.334349
0.370700 -0.343068 -0.421175 0.113300 -0.087213
-0.432989 0.264554 -0.097097 0.345757 -0.116316
-0.039792 0.044703 -0.139139 0.164921 -0.366908
-0.165754 0.059050 -0.306700 -0.225572 0.542674
0.238738 -0.355326 0.361469 0.400446 -0.216835
0.419957 0.287491 0.126797 -0.178875 -0.180902
0.240934 -0.181994 0.067451 0.227865 0.154463
