-0.360
-0.345
-0.310
-0.295
-0.240
-0.210
-0.165
-0.130
-0.085
-0.055
-0.035
0.005
0.035
0.065
0.095
0.130
0.160
0.185
0.210
0.240
0.275
0.300
0.345
0.385
0.400
0.420
0.420
0.420
0.420
0.420
0.455
0.450
0.455
0.450
0.430
0.400
0.370
0.355
0.345
0.315
0.305
0.290
0.270
0.245
0.220
0.205
0.180
0.170
0.165
0.150
0.130
0.110
0.105
0.085
0.090
0.080
0.065
0.045
0.010
-0.040
-0.075
-0.115
-0.130
-0.135
-0.145
-0.150
-0.160
-0.160
-0.155
-0.165
-0.160
-0.170
-0.185
-0.205
-0.230
-0.240
-0.240
-0.230
-0.220
-0.195
-0.160
-0.155
-0.155
-0.155
-0.190
-0.175
-0.205
-0.195
-0.175
-0.115
-0.010
0.150
0.370
0.655
1.025
1.430
1.830
2.150
2.335
2.370
2.245
2.010
1.740
1.470
1.165
0.845
0.500
0.155
-0.165
-0.460
-0.650
-0.720
-0.695
-0.570
-0.435
-0.345
-0.310
-0.330
-0.380
-0.445
-0.480
-0.495
-0.490
-0.485
-0.495
-0.490
-0.505
-0.525
-0.555
-0.560
-0.575
-0.585
-0.600
-0.605
-0.615
-0.630
-0.650
-0.650
-0.640
-0.645
-0.660
-0.665
-0.690
-0.680
-0.680
-0.685
-0.670
-0.655
-0.655
-0.645
-0.625
-0.620
-0.600
-0.575
-0.535
-0.530
-0.505
-0.480
-0.475
-0.455
-0.430
-0.395
-0.340
-0.300
-0.265
-0.235
-0.225
-0.205
-0.185
-0.140
-0.095
-0.045
0.005
0.045
0.090
0.120
0.160
0.190
0.195
0.220
0.255
0.265
0.260
0.265
0.270
0.280
0.290
0.295
0.300
0.295
0.280
0.255
0.225
0.195
0.165
0.150
0.130
0.130
0.100
0.075
0.060
0.055
0.025
0.020
0.005
-0.015
-0.045
-0.070
-0.090
-0.120
-0.130
-0.145
-0.150
-0.195
-0.220
-0.245
-0.275
-0.300
-0.325
-0.330
-0.345
-0.355
-0.365
-0.370
-0.380
-0.375
-0.370
-0.375
-0.375
-0.390
-0.395
-0.395
-0.395
-0.380
-0.370
-0.345
-0.335
-0.340
-0.330
-0.340
-0.345
-0.340
-0.345
-0.345
-0.350
-0.360
-0.355
-0.345
-0.340
-0.325
-0.310
-0.310
-0.330
-0.345
-0.355
-0.350
-0.345
-0.345
-0.335
-0.325
-0.310
-0.335
-0.330
-0.320
-0.320
-0.310
-0.315
-0.330
-0.325
-0.330
-0.320
-0.300
-0.285
-0.290
-0.295
-0.290
-0.295
-0.270
-0.255
-0.230
-0.210
-0.180
-0.170
-0.170
-0.175
-0.180
-0.175
-0.175
-0.165
-0.175
-0.155
-0.185
-0.225
-0.245
-0.285
-0.295
-0.305
-0.330
-0.335
-0.345
